%YAML:1.0
---
myHogDector: !!opencv-object-detector-hog
   winSize: [ 64, 128 ]
   blockSize: [ 16, 16 ]
   blockStride: [ 8, 8 ]
   cellSize: [ 8, 8 ]
   nbins: 9
   derivAperture: 1
   winSigma: 4.
   histogramNormType: 0
   L2HysThreshold: 2.0000000000000001e-01
   gammaCorrection: 1
   nlevels: 64
   signedGradient: 0
   SVMDetector: [ 1.14432629e-02, 7.57852290e-03, 5.58702182e-03,
       9.26268101e-03, 1.13397380e-02, 3.28276828e-02, -7.16843689e-03,
       1.07702501e-02, 1.33069512e-02, -9.75740666e-04, -1.26518751e-03,
       -1.20803772e-03, -1.05357766e-02, -1.57533623e-02,
       -1.86827627e-03, 4.50821687e-03, 5.04956022e-03, 5.93152549e-03,
       -9.70013265e-04, -1.18761528e-02, 3.34008853e-03, 1.01074548e-02,
       -8.24620761e-03, 1.35286497e-02, -9.25591961e-03, -7.59819848e-03,
       -7.97872711e-03, -2.13390240e-03, -1.46795893e-02,
       -8.41816328e-03, 2.41628266e-03, -2.74098176e-03, -4.51143784e-03,
       -5.18782437e-03, -2.11148039e-02, -1.41913006e-02,
       -1.23475669e-02, 1.35752978e-03, 5.79779688e-03, 6.04722975e-03,
       9.77997947e-03, -8.39665881e-04, -3.20177176e-03, 6.02548523e-03,
       6.79484243e-03, -1.23156291e-02, 3.55296093e-03, -9.31005285e-04,
       -6.61884295e-03, 7.12699024e-03, -2.09708279e-03, -1.12920338e-02,
       -1.92382198e-04, -1.51839359e-02, 1.13787213e-02, 5.70065095e-05,
       -7.96574447e-03, 4.12126072e-03, -3.81847611e-03, -2.95894011e-03,
       -1.25366542e-02, -9.71003342e-03, -3.71972169e-03, 1.08402921e-02,
       -2.84543610e-03, 3.07697477e-03, 5.75546362e-03, -3.73195810e-03,
       1.82978380e-02, -1.13204373e-02, -3.91316507e-03, 2.92852346e-04,
       3.69587471e-03, -4.32248320e-03, -5.56091825e-03, -1.86540689e-02,
       1.35394989e-03, -1.13101099e-02, -6.40400406e-03, 1.99659988e-02,
       1.53240459e-02, -1.76738445e-02, 3.23388306e-03, 2.66459119e-03,
       -1.35581028e-02, -8.36004596e-03, -2.07668496e-03, 2.22208947e-02,
       2.14046240e-02, 1.49462242e-02, 7.29090068e-03, -5.40002948e-03,
       -1.50523556e-05, 2.97168945e-03, -1.65577400e-02, 4.84549534e-03,
       -6.44499029e-04, 5.21390606e-03, 5.38887922e-03, -1.92576367e-02,
       -8.47626477e-03, 3.00301169e-03, -2.02149339e-03, -9.54622682e-03,
       -1.84786099e-03, -9.29683261e-03, -1.25976587e-02,
       -1.94513879e-03, -2.73723342e-02, -1.71955570e-03, 1.77215356e-02,
       -1.24079688e-02, 1.46785972e-03, 3.66994808e-03, -5.71181532e-03,
       6.12850720e-03, -5.29653102e-04, -7.48378597e-03, 2.74331018e-04,
       -2.02771984e-02, -3.17917741e-03, 1.44992943e-03, -6.50098128e-03,
       -4.09645122e-03, -1.45792663e-02, -1.86653044e-02,
       -6.76271133e-03, 5.64732729e-03, -1.10954288e-02, 1.00156903e-04,
       -6.22568303e-04, 8.06946866e-03, -1.99973118e-02, 4.58199345e-03,
       9.98295471e-03, -1.06639473e-03, -9.03671701e-03, 2.10010819e-03,
       1.08750118e-02, 3.88738909e-03, 5.72551647e-03, -1.72959901e-02,
       -3.38208862e-04, -3.15506896e-03, 6.11093407e-03, 1.50881894e-02,
       -1.80241577e-02, -6.17852900e-03, 3.68462433e-03, -3.19461687e-03,
       -7.84092955e-03, -1.84398722e-02, -1.79471215e-04,
       -3.54651641e-03, 1.31697394e-02, -9.48041864e-03, -4.65938775e-03,
       2.00473727e-03, -4.69931960e-03, -2.29640189e-03, -1.36011606e-02,
       1.09446272e-02, -4.27947752e-03, -8.10957979e-03, 8.12638784e-04,
       2.27178112e-02, 1.13159092e-02, 1.28573980e-02, 4.11260640e-03,
       1.88446548e-02, 2.23371360e-04, -1.06633781e-02, -3.11606971e-04,
       7.70357670e-04, 5.24802366e-04, 2.52320687e-03, 6.49123162e-04,
       4.27394826e-03, 8.76203645e-03, -5.06840879e-03, -1.05807306e-02,
       6.68596418e-04, -7.03269104e-03, 1.11306757e-02, 1.78961351e-03,
       5.84503356e-03, -5.59816556e-03, 3.10389861e-03, 2.20981035e-02,
       8.33638292e-03, 3.79603327e-04, 5.59697486e-03, 6.98234839e-03,
       3.86297796e-03, 6.08473318e-03, -1.54319890e-02, 4.86948615e-04,
       1.03450883e-02, -2.04144660e-02, 2.81274668e-03, 1.09167797e-02,
       -2.19218386e-03, 1.75968488e-03, -4.25052736e-03, -2.24176538e-03,
       -4.77269432e-03, -7.16552231e-03, -4.39622207e-03, 7.96488021e-03,
       1.11476248e-02, -1.00859255e-03, -1.96296931e-03, -4.46401630e-03,
       -4.87430443e-05, -5.96688176e-03, -1.92843005e-03, 2.07021972e-03,
       5.28084952e-03, 9.18727182e-03, -2.26513832e-03, -1.22442376e-02,
       -7.74005800e-03, 4.55007330e-03, 1.12284282e-02, -5.66828763e-03,
       -1.38599835e-02, -8.24181270e-03, -2.50426121e-03,
       -1.79862343e-02, -1.14604477e-02, -1.15576880e-02, 1.54589163e-02,
       -1.24093634e-03, -2.04242580e-02, 8.80665239e-03, -8.94480944e-03,
       -1.40589674e-03, -4.42511588e-03, -9.91856866e-03, 5.10389218e-03,
       1.89876799e-02, -1.26637090e-02, -1.93316508e-02, 3.92835448e-03,
       -1.34021733e-02, 1.10979041e-03, -2.26734318e-02, -1.67200211e-04,
       -1.59903280e-02, 1.61334220e-02, -6.17333781e-03, -6.17493410e-03,
       -2.69074598e-03, 2.86697294e-03, -8.49433709e-03, -5.39824693e-03,
       -4.59469901e-03, 8.75053811e-04, 1.07999239e-02, -5.18194679e-03,
       1.79467741e-02, -5.09657012e-03, 1.81670673e-02, -4.09434410e-03,
       -1.00588854e-02, 8.27099476e-03, -2.47850898e-03, -2.07694154e-03,
       6.53642416e-03, -6.86991448e-03, 9.98861715e-03, 6.45630201e-03,
       6.85435138e-04, -8.89127329e-03, 8.67445581e-03, 2.88099982e-03,
       7.41839502e-03, -2.11380329e-03, 4.54958575e-03, 2.50394980e-04,
       2.03683227e-03, 6.26053475e-03, -1.66993646e-03, -2.13722046e-03,
       -1.06798736e-02, -1.31852292e-02, 6.88179675e-03, 2.80757132e-03,
       1.03243235e-02, 2.58027520e-02, 1.48801378e-03, -6.82136090e-03,
       1.63905639e-02, 7.97601324e-03, -1.12928695e-03, 1.69974361e-02,
       -6.22969447e-03, -7.41918292e-03, 1.04224430e-02, -6.54851226e-03,
       -1.53528701e-04, -4.08417312e-03, 5.84709505e-03, -6.89485297e-03,
       1.74133784e-05, -1.05097715e-04, 1.37621658e-02, 1.14814425e-02,
       5.03180502e-03, 3.57050775e-03, -5.29001933e-03, 2.64760875e-03,
       -6.76781579e-04, 5.08407783e-03, 3.09232320e-03, -1.45114595e-02,
       -4.74296091e-03, 9.75058321e-03, 2.46556103e-03, -4.52193141e-04,
       1.02922600e-02, 1.22108264e-03, -4.58319578e-03, -4.14942484e-03,
       -8.38080235e-03, 7.67084118e-03, 1.19419508e-02, -1.10381818e-03,
       2.87864008e-03, -2.45388388e-03, -1.02317939e-02, 2.19851732e-03,
       3.91240185e-03, 4.72105574e-03, 5.68823889e-03, 5.83782000e-03,
       2.79117306e-03, 9.72632784e-03, -1.59302820e-02, 1.88054435e-03,
       -5.61109697e-03, -3.92572070e-03, -1.97437909e-02, 2.78263702e-03,
       4.61823633e-03, 8.54493584e-03, -4.92257997e-04, 5.12730656e-03,
       4.94868553e-04, -1.16964625e-02, -3.54930758e-03, -7.18759047e-03,
       7.81118521e-04, 4.99812746e-03, 1.75309572e-02, 2.48696934e-02,
       8.95913225e-03, 9.26962867e-03, -1.15681039e-02, 6.87385118e-03,
       6.50637364e-03, -1.28107555e-02, 3.67937749e-03, -2.50401226e-05,
       3.98092950e-03, -1.57822836e-02, -8.84238817e-03, 1.19990353e-02,
       2.26108432e-02, -1.12769995e-02, -6.51191128e-03, 1.80314463e-02,
       -2.51450809e-03, 9.12039820e-03, -3.84782185e-03, -1.82291158e-02,
       7.10087968e-03, 1.06509812e-02, 5.75908320e-03, -1.76015764e-03,
       9.22941789e-03, 6.86232839e-03, -5.41195413e-03, -6.87047187e-03,
       3.74880922e-03, -4.97996947e-03, 8.58071540e-03, 9.56911687e-03,
       -9.41408519e-03, -2.13023648e-03, 8.42656754e-03, -1.77977439e-02,
       -5.32392319e-03, -1.58241158e-03, 2.76341398e-05, -1.55956682e-03,
       -1.14818476e-02, -3.68595286e-03, -6.52529357e-04,
       -5.53453574e-03, 2.17757802e-02, -2.42733792e-03, -1.24161725e-03,
       2.56819325e-03, -1.24755669e-02, 6.04424800e-04, 8.63454421e-04,
       -1.29527906e-02, -9.03644878e-03, 1.64711419e-02, 8.18101037e-03,
       4.29338496e-03, 1.35639682e-02, -9.71265417e-03, -6.18508179e-03,
