%YAML:1.0
---
myHogDector: !!opencv-object-detector-hog
   winSize: [ 64, 128 ]
   blockSize: [ 16, 16 ]
   blockStride: [ 8, 8 ]
   cellSize: [ 8, 8 ]
   nbins: 9
   derivAperture: 1
   winSigma: 4.
   histogramNormType: 0
   L2HysThreshold: 2.0000000000000001e-01
   gammaCorrection: 1
   nlevels: 64
   signedGradient: 0
   SVMDetector: [ -1.03803547e-02, 1.45522067e-02, -1.80938952e-02,
       1.33665670e-02, 6.56389352e-03, 1.07276905e-03, 2.87710503e-02,
       6.44189445e-03, -5.07420814e-03, 6.62598945e-03, -1.36000477e-02,
       -3.25837620e-02, -1.74429398e-02, -2.52834130e-02,
       -2.51924787e-02, 1.35392155e-02, -9.25494637e-03, -6.53325929e-04,
       -2.94876508e-02, -2.81798728e-02, -3.15881930e-02, 3.76514997e-03,
       9.60081909e-03, 5.87334633e-02, 5.35755716e-02, 2.12468971e-02,
       -2.11615302e-02, -2.68274862e-02, -3.63338254e-02,
       -3.47801410e-02, -7.07288226e-03, -2.24193651e-02, 9.43699665e-03,
       2.44968422e-02, 1.07914638e-02, -2.61450373e-02, -5.66421170e-03,
       -1.57088619e-02, -1.94977745e-02, 2.84751621e-03, -3.59215848e-02,
       -2.50049345e-02, 1.67993307e-02, -1.65343154e-02, -5.44427335e-03,
       -2.57020984e-02, -6.06464222e-03, -2.42874250e-02, 1.13580208e-02,
       -5.07963030e-03, 1.44599732e-02, 1.80175230e-02, -3.70347798e-02,
       -2.86113322e-02, -1.39160119e-02, -2.00610664e-02,
       -1.48985749e-02, 4.32597846e-03, -8.06421228e-03, 1.19701365e-03,
       2.65086330e-02, -1.24997254e-02, -1.14400284e-02, -2.78408695e-02,
       -1.89923849e-02, 1.26977405e-03, -6.06127549e-03, -1.27871875e-02,
       3.75622623e-02, 2.86237728e-02, -4.21778765e-03, -4.79421299e-03,
       -1.03061190e-02, -3.54823715e-05, -7.36296177e-03,
       -1.74460411e-02, 4.52271616e-03, -4.50743595e-03, -1.47525324e-02,
       -3.50548513e-02, -3.57999206e-02, -8.08345806e-03,
       -2.06079073e-02, -1.92828849e-02, -4.09990810e-02, 3.66494665e-03,
       2.45139394e-02, -5.19668404e-03, -2.12018453e-02, -7.92970881e-04,
       -1.96495615e-02, 4.53551504e-04, 1.11215524e-02, 8.68862681e-03,
       -4.93654283e-03, 1.94615200e-02, 1.51885003e-02, 1.00511489e-02,
       -1.25083551e-02, -3.25662317e-03, -8.39022221e-04, 9.49400757e-03,
       -1.07415661e-03, -5.51443780e-03, 1.37194910e-03, -9.58050415e-03,
       -3.01055703e-03, -1.89199224e-02, -2.48617306e-03,
       -9.50940046e-03, 6.78481068e-03, -3.91596276e-03, -1.34495515e-02,
       5.33896033e-03, -1.11203287e-02, -2.86840498e-02, -6.12904271e-03,
       -8.09183903e-03, 1.38402432e-02, 3.39610390e-02, 4.95765656e-02,
       1.10462951e-02, -4.16908786e-03, -5.39789349e-03, -2.39907186e-02,
       -1.21639241e-02, -1.82755720e-02, -2.53315724e-04, 2.41920520e-02,
       1.21955108e-02, 4.30045929e-03, 1.18022887e-02, -8.01023655e-03,
       -5.95841510e-03, -3.11677195e-02, -1.49424057e-02, 6.25115959e-03,
       3.22528519e-02, 3.25093269e-02, 1.94609985e-02, 2.42964216e-02,
       1.45308650e-03, -3.95253999e-04, -1.32559976e-02, -1.04545681e-02,
       1.02590583e-02, 1.85487978e-02, 1.42821865e-02, -2.68435087e-02,
       -2.02176869e-02, -2.32118536e-02, -1.65573023e-02,
       -4.68943175e-03, -1.19664250e-02, 6.25227718e-03, 2.02000104e-02,
       6.81458926e-03, 1.74137205e-02, 2.79741697e-02, 1.79065112e-02,
       2.47096806e-03, -1.95972379e-02, -1.29697695e-02, -5.61381783e-03,
       6.32203324e-03, 1.41301034e-02, -3.26595716e-02, -7.86940195e-03,
       1.90856855e-03, -1.19085917e-02, -1.92294754e-02, -9.80124250e-03,
       -1.04760770e-02, 1.90065037e-02, 3.53184678e-02, 4.70229471e-03,
       2.47567464e-02, 2.63660084e-02, 9.17553995e-03, 1.82739217e-02,
       7.16647273e-03, 1.13922739e-02, 1.50457779e-02, -4.86596581e-03,
       5.54796366e-04, -7.45000457e-03, 3.39248381e-03, 3.75054590e-03,
       -1.09288683e-02, 1.41288340e-02, 1.16094891e-02, 1.40876975e-02,
       9.44475830e-03, 1.23845823e-02, 3.47096496e-03, 4.41551954e-02,
       2.41956152e-02, -5.59917279e-03, -4.53657238e-03, 2.19305488e-03,
       7.88950478e-04, -2.33505145e-02, -3.64063866e-02, -2.42815055e-02,
       1.04807620e-03, -1.47431297e-02, -3.72340158e-03, -7.27438694e-03,
       2.03432795e-02, 1.31306257e-02, 5.87512413e-03, 4.46065003e-03,
       -1.41208048e-03, 1.91825889e-02, -5.58981148e-04, -1.24349687e-02,
       -2.85745598e-03, -9.64380335e-03, -3.17760487e-03,
       -3.44101456e-03, -3.26148942e-02, -8.78809893e-04, 2.43959147e-02,
       3.25921960e-02, -2.79387571e-02, -3.13799754e-02, -5.70506975e-02,
       -2.08101850e-02, 1.85826968e-03, 1.05329882e-02, -1.66695379e-02,
       3.30109596e-02, 4.97293249e-02, -1.75976977e-02, -5.75387850e-03,
       5.55907609e-03, 2.20880192e-02, 1.74444821e-02, -1.62645336e-02,
       -1.17008155e-02, -2.43217824e-03, -2.14730832e-03,
       -9.82800871e-03, -7.58769736e-03, -2.08404530e-02, 1.09879412e-02,
       2.97784805e-02, 1.92406867e-02, -6.80292840e-04, 2.31820382e-02,
       1.89798716e-02, -4.04745154e-03, -1.43028609e-02, -5.37825637e-02,
       6.60375739e-03, 3.11275963e-02, 2.95482087e-03, -3.36557105e-02,
       3.57354060e-02, 5.13437688e-02, 1.55398203e-02, -1.08248731e-02,
       -1.46954367e-02, 1.68277156e-02, 8.60470813e-03, -1.58056598e-02,
       -1.30312294e-02, 4.16080467e-02, 2.36711409e-02, 1.32198475e-04,
       1.53758680e-03, -2.16665007e-02, 2.93478346e-03, 2.86886822e-02,
       1.26454635e-02, -1.64963268e-02, 3.98531498e-04, 3.22714038e-02,
       1.91029441e-02, 5.47569571e-03, -2.36400915e-03, 1.13652349e-02,
       -6.99983118e-03, 1.28420833e-02, 7.59315724e-03, 2.75830235e-02,
       1.97475273e-02, 1.67071708e-02, -3.01806070e-03, 1.50557393e-02,
       7.94816110e-03, -1.15805138e-02, -1.28815304e-02, 7.59980502e-03,
       3.32118608e-02, 7.74121704e-03, -1.09929815e-02, 1.27313391e-03,
       2.02830993e-02, 1.74806993e-02, -1.03763994e-02, 4.97071212e-03,
       3.66802067e-02, -6.68439595e-03, -1.24434158e-02, 3.54621001e-03,
       -5.30330883e-03, -5.07403491e-03, 7.84294680e-03, 5.79739746e-04,
       4.61303256e-03, 5.63918659e-03, -3.00957891e-03, -1.84880588e-02,
       3.75162868e-04, -3.58378701e-02, -5.59596764e-03, 2.40736883e-02,
       1.43519891e-02, 1.44440979e-02, 1.90554094e-02, -2.52988539e-03,
       -1.98989082e-02, -6.64772140e-03, -1.37206784e-03, 7.42954528e-03,
       3.20247957e-03, -2.54280679e-02, -4.45236973e-02, -2.29090769e-02,
       -4.61536460e-02, -2.16595232e-02, -5.35694323e-03, 1.17376605e-02,
       1.81696620e-02, 2.35018339e-02, -1.56180467e-02, -2.12550387e-02,
       1.50665352e-02, -1.10840984e-02, -1.82018299e-02, -4.71562846e-04,
       -2.60490682e-02, -6.34034304e-03, -2.06852634e-03,
       -7.29326718e-03, 5.96030033e-04, 1.03823394e-02, -7.85229262e-03,
       -2.71061547e-02, -1.14406226e-02, 9.77987517e-03, 2.27086954e-02,
       1.52176628e-02, 1.90557297e-02, 8.02173838e-03, 1.64259486e-02,
       1.71677399e-04, -7.59203732e-03, -4.17137606e-04, 1.37392934e-02,
       2.22304072e-02, 3.74528505e-02, -7.65783014e-03, -4.73551489e-02,
       1.41805876e-02, 6.38825214e-03, -1.08199343e-02, 6.91179186e-03,
       -4.38353233e-03, 1.84031911e-02, 4.02730070e-02, 1.82773247e-02,
       -2.27192938e-02, -1.55320494e-02, 7.37784649e-05, -2.00564768e-02,
       -2.59497855e-02, 7.72496965e-03, 2.79545356e-02, 1.97996106e-02,
       -9.49838571e-03, -2.80497596e-02, -5.96776791e-03, 4.96711070e-03,
       5.99797675e-03, 4.48396167e-04, 2.62558198e-04, 1.16329305e-02,
       1.72171257e-02, -3.42287379e-03, -1.36398058e-02, -1.60854997e-03,
       1.21707283e-02, -1.07979728e-03, -1.72894020e-02, -6.35019364e-03,
       2.56300271e-02, 2.76025124e-02, -6.50030281e-03, -2.06124242e-02,
       -1.94860455e-02, 1.46228913e-02, -1.02850646e-02, -3.51291373e-02,
       2.65903547e-02, 3.05204596e-02, 1.41289514e-02, -2.39902735e-02,
       -3.19134928e-02, 3.39464797e-03, 4.13544439e-02, 1.36022000e-02,
       1.02049029e-02, -1.64958835e-02, 1.37296570e-02, 1.11340750e-02,
